{
    "shape": {
        "type_id": "opencv-matrix",
        "rows": 2,
        "cols": 1,
        "dt": "d",
        "data": [ 1080.0, 1920.0 ]
    },
    "matrix": {
        "type_id": "opencv-matrix",
        "rows": 3,
        "cols": 3,
        "dt": "d",
        "data": [ 1.5671065190167410e+03, 0.0, 9.7399444363572331e+02,
            0.0, 2.2696884230099313e+03, 3.7869565864727520e+02, 0.0,
            0.0, 1.0 ]
    },
    "distortion": {
        "type_id": "opencv-matrix",
        "rows": 1,
        "cols": 5,
        "dt": "d",
        "data": [ 8.8703269389473538e-01, -1.4736492946052085e+01,
            -1.9771144844832649e-02, -2.9378340910169954e-03,
            9.6814226495255127e+01 ]
    },
    "newCameraMatrix": {
        "type_id": "opencv-matrix",
        "rows": 3,
        "cols": 3,
        "dt": "d",
        "data": [ 1.2332905273437500e+04, 0.0, 8.9999406548369734e+02,
            0.0, 1.6218344726562500e+04, 4.7145059338022293e+02, 0.0,
            0.0, 1.0 ]
    },
    "roi": {
        "type_id": "opencv-matrix",
        "rows": 4,
        "cols": 1,
        "dt": "d",
        "data": [ 0.0, 0.0, 1919.0, 1079.0 ]
    },
    "error": 1.3382858036717965e-01
}
