
    "cam_shape": {
        "type_id": "opencv-matrix",
        "rows": 2,
        "cols": 1,
        "dt": "d",
        "data": [ 1080.0, 1920.0 ]
    },
    "cam_matrix": {
        "type_id": "opencv-matrix",
        "rows": 3,
        "cols": 3,
        "dt": "d",
        "data": [ 1.5867745696706836e+03, 0.0, 9.8940096433634187e+02,
            0.0, 1.5790521501018857e+03, 4.4628054827603972e+02, 0.0,
            0.0, 1.0 ]
    },
    "cam_distortion": {
        "type_id": "opencv-matrix",
        "rows": 1,
        "cols": 5,
        "dt": "d",
        "data": [ 7.8126911943657451e-01, -1.3029085561231016e+01,
            -1.9556605261685178e-02, 1.0177269561481002e-02,
            8.6700998239671222e+01 ]
    },
    "proj_shape": {
        "type_id": "opencv-matrix",
        "rows": 1,
        "cols": 1,
        "dt": "i",
        "data": [ 0 ]
    },
    "proj_matrix": {
        "type_id": "opencv-matrix",
        "rows": 1,
        "cols": 1,
        "dt": "i",
        "data": [ 0 ]
    },
    "proj_distortiont": {
        "type_id": "opencv-matrix",
        "rows": 1,
        "cols": 1,
        "dt": "i",
        "data": [ 0 ]
    }
}
