{
    "cShape": {
        "type_id": "opencv-matrix",
        "rows": 2,
        "cols": 1,
        "dt": "i",
        "data": [ 1080, 1920 ]
    },
    "pShape": {
        "type_id": "opencv-matrix",
        "rows": 2,
        "cols": 1,
        "dt": "i",
        "data": [ 360, 615 ]
    },
    "cameraMatrix": {
        "type_id": "opencv-matrix",
        "rows": 3,
        "cols": 3,
        "dt": "d",
        "data": [ 3.9903900346591072e+03, 0.0, 8.8299759468738046e+02,
            0.0, 4.2897436741463716e+03, 5.9422718750096499e+02, 0.0,
            0.0, 1.0 ]
    },
    "cameraDistortion": {
        "type_id": "opencv-matrix",
        "rows": 1,
        "cols": 5,
        "dt": "d",
        "data": [ -6.1804453802122961e-01, 5.0413007149217847e+01,
            1.0695013252910597e-01, 4.3324736573343692e-01,
            -2.7633723649070703e+02 ]
    },
    "cRoi": {
        "type_id": "opencv-matrix",
        "rows": 4,
        "cols": 1,
        "dt": "d",
        "data": [ 0.0, 0.0, 0.0, 0.0 ]
    },
    "projectorMatrix": {
        "type_id": "opencv-matrix",
        "rows": 3,
        "cols": 3,
        "dt": "d",
        "data": [ 1.9413750013523022e+04, 0.0, 9.0462177334479520e+02,
            0.0, 2.2419828315187737e+04, 5.8795800866211857e+02, 0.0,
            0.0, 1.0 ]
    },
    "projectorDistortion": {
        "type_id": "opencv-matrix",
        "rows": 1,
        "cols": 5,
        "dt": "d",
        "data": [ -5.3640047389707917e+00, -4.8221345767064022e+03,
            2.1388401681097668e-01, 1.0435178937849576e+00,
            2.3018447405900850e+05 ]
    },
    "pRoi": {
        "type_id": "opencv-matrix",
        "rows": 4,
        "cols": 1,
        "dt": "d",
        "data": [ 0.0, 0.0, 0.0, 0.0 ]
    },
    "r_matrix": {
        "type_id": "opencv-matrix",
        "rows": 3,
        "cols": 3,
        "dt": "d",
        "data": [ 9.7077399538671494e-01, 6.9833590701911174e-03,
            -2.3989389858229235e-01, -1.2918144935377011e-02,
            9.9964794326177497e-01, -2.3175656709828352e-02,
            2.3964759838634517e-01, 2.5597309010909682e-02,
            9.7052243990494991e-01 ]
    },
    "t_vecs": {
        "type_id": "opencv-matrix",
        "rows": 3,
        "cols": 1,
        "dt": "d",
        "data": [ 1.0759338272384948e+01, 1.1591795709900667e+00,
            1.7439826747307498e+02 ]
    },
    "essentialMatrix": {
        "type_id": "opencv-matrix",
        "rows": 3,
        "cols": 3,
        "dt": "d",
        "data": [ 2.5306966959821122e+00, -1.7430719751019853e+02,
            5.1668041632700632e+00, 1.6672285332615462e+02,
            9.4247561647257017e-01, -5.2279259521991094e+01,
            -1.2642920747121029e+00, 1.0747455407676258e+01,
            2.8725376216045040e-02 ]
    },
    "fundamentalMatrix": {
        "type_id": "opencv-matrix",
        "rows": 3,
        "cols": 3,
        "dt": "d",
        "data": [ -1.8342082416496632e-07, 1.1751894055757399e-05,
            -8.3156626559528300e-03, -1.0463592723451874e-05,
            -5.5022436855514878e-08, 2.2364760748410470e-02,
            8.0970363679456984e-03, -2.4665867386417042e-02, 1.0 ]
    },
    "disparityToDepthMatrix": {
        "type_id": "opencv-matrix",
        "rows": 4,
        "cols": 4,
        "dt": "d",
        "data": [ 1.0, 0.0, 0.0, 1.0189107006835938e+05, 0.0, 1.0, 0.0,
            7.4256250000000000e+02, 0.0, 0.0, 0.0,
            1.3354785994667054e+04, 0.0, 0.0, -5.7229947729680857e-03,
            0.0 ]
    }
}
