{
    "shape": {
        "type_id": "opencv-matrix",
        "rows": 2,
        "cols": 1,
        "dt": "i",
        "data": [ 1080, 1920 ]
    },
    "cameraMatrix": {
        "type_id": "opencv-matrix",
        "rows": 3,
        "cols": 3,
        "dt": "d",
        "data": [ 2.7139297200589572e+03, 0.0, 1.0680763599180868e+03,
            0.0, 4.1781957768821849e+03, 7.3452911713126002e+02, 0.0,
            0.0, 1.0 ]
    },
    "cameraDistortion": {
        "type_id": "opencv-matrix",
        "rows": 1,
        "cols": 5,
        "dt": "d",
        "data": [ 2.5854567509934911e-01, 4.1002076436405922e+01,
            1.0174821811994215e-01, 1.2505135734628192e-02,
            -4.3093863407483440e+02 ]
    },
    "projectorMatrix": {
        "type_id": "opencv-matrix",
        "rows": 3,
        "cols": 3,
        "dt": "d",
        "data": [ 1.0431762643308088e+04, 0.0, 8.7473497644660324e+02,
            0.0, 7.4029047731435330e+03, 7.0872817028043403e+02, 0.0,
            0.0, 1.0 ]
    },
    "projectorDistortion": {
        "type_id": "opencv-matrix",
        "rows": 1,
        "cols": 5,
        "dt": "d",
        "data": [ 1.1408237078927726e+01, -2.3304148323274094e+03,
            6.2349852511799086e-03, 4.8060398622602807e-02,
            1.4092973260828105e+05 ]
    },
    "r_matrix": {
        "type_id": "opencv-matrix",
        "rows": 3,
        "cols": 3,
        "dt": "d",
        "data": [ 9.0523898253008739e-01, 2.3254906058697133e-01,
            3.5561681474307327e-01, -2.2888992845825162e-01,
            9.7200963966794651e-01, -5.2977929772361113e-02,
            -3.5798293975868267e-01, -3.3439420041410747e-02,
            9.3312915506323424e-01 ]
    },
    "t_vecs": {
        "type_id": "opencv-matrix",
        "rows": 3,
        "cols": 1,
        "dt": "d",
        "data": [ -1.5908353908984834e+01, 3.1244298168479925e+00,
            5.1014007275997265e+01 ]
    },
    "essentialMatrix": {
        "type_id": "opencv-matrix",
        "rows": 3,
        "cols": 3,
        "dt": "d",
        "data": [ 1.0558099904866815e+01, -4.9690585951395590e+01,
            5.6181130499242453e+00, 4.0484948742246317e+01,
            1.1331293340280123e+01, 3.2985987616308030e+01,
            8.1290631972594252e-01, -1.6189656569560441e+01,
            -2.6830812317170194e-01 ]
    },
    "fundamentalMatrix": {
        "type_id": "opencv-matrix",
        "rows": 3,
        "cols": 3,
        "dt": "d",
        "data": [ -9.5273783519143623e-06, 2.9125378256229280e-05,
            -2.4976149082319068e-02, -5.1479790741384859e-05,
            -9.3590652017237314e-06, -5.1974955505804145e-02,
            3.7166917265954197e-02, 8.0146380052150953e-02, 1.0 ]
    },
    "disparityToDepthMatrix": {
        "type_id": "opencv-matrix",
        "rows": 4,
        "cols": 4,
        "dt": "d",
        "data": [ 1.0, 0.0, 0.0, -1.6718878051757813e+04, 0.0, 1.0, 0.0,
            -1.1090791969299316e+03, 0.0, 0.0, 0.0,
            5.7905502750128589e+03, 0.0, 0.0, 1.8681746382549540e-02,
            0.0 ]
    }
}
