{
    "cShape": {
        "type_id": "opencv-matrix",
        "rows": 2,
        "cols": 1,
        "dt": "i",
        "data": [ 1080, 1920 ]
    },
    "pShape": {
        "type_id": "opencv-matrix",
        "rows": 2,
        "cols": 1,
        "dt": "i",
        "data": [ 360, 615 ]
    },
    "cameraMatrix": {
        "type_id": "opencv-matrix",
        "rows": 3,
        "cols": 3,
        "dt": "d",
        "data": [ 2.7139297200589572e+03, 0.0, 1.0680763599180868e+03,
            0.0, 4.1781957768821849e+03, 7.3452911713126002e+02, 0.0,
            0.0, 1.0 ]
    },
    "cameraDistortion": {
        "type_id": "opencv-matrix",
        "rows": 1,
        "cols": 5,
        "dt": "d",
        "data": [ 2.5854567509934911e-01, 4.1002076436405922e+01,
            1.0174821811994215e-01, 1.2505135734628192e-02,
            -4.3093863407483440e+02 ]
    },
    "projectorMatrix": {
        "type_id": "opencv-matrix",
        "rows": 3,
        "cols": 3,
        "dt": "d",
        "data": [ 1.0431762643308088e+04, 0.0, 8.7473497644660324e+02,
            0.0, 7.4029047731435330e+03, 7.0872817028043403e+02, 0.0,
            0.0, 1.0 ]
    },
    "projectorDistortion": {
        "type_id": "opencv-matrix",
        "rows": 1,
        "cols": 5,
        "dt": "d",
        "data": [ 1.1408237078927726e+01, -2.3304148323274094e+03,
            6.2349852511799086e-03, 4.8060398622602807e-02,
            1.4092973260828105e+05 ]
    },
    "r_matrix": {
        "type_id": "opencv-matrix",
        "rows": 3,
        "cols": 3,
        "dt": "d",
        "data": [ 9.7603489499862151e-01, -2.4760064571744504e-02,
            2.1620088563054721e-01, 1.5004790624003667e-02,
            9.9879873547228792e-01, 4.6646996444449071e-02,
            -2.1709615381982181e-01, -4.2285047255048391e-02,
            9.7523393848618622e-01 ]
    },
    "t_vecs": {
        "type_id": "opencv-matrix",
        "rows": 3,
        "cols": 1,
        "dt": "d",
        "data": [ -6.6553105975998470e+00, -3.8030329670889169e+00,
            9.0208204980374461e+01 ]
    },
    "essentialMatrix": {
        "type_id": "opencv-matrix",
        "rows": 3,
        "cols": 3,
        "dt": "d",
        "data": [ -5.2793139829273483e-01, -8.9939029634897096e+01,
            -7.9167886356665917e+00, 8.6601513542818694e+01,
            -2.5149811033317695e+00, 2.5993578573845053e+01,
            3.6120313406542288e+00, -6.7414791508916387e+00,
            5.1176884578384718e-01 ]
    },
    "fundamentalMatrix": {
        "type_id": "opencv-matrix",
        "rows": 3,
        "cols": 3,
        "dt": "d",
        "data": [ -5.6842951497658104e-08, -6.2900940158576312e-06,
            2.3675908902734883e-03, 1.3139539481893951e-05,
            -2.4785586463412764e-07, -3.1486338771238437e-03,
            -5.2056081775338492e-03, 7.5945048342041476e-04, 1.0 ]
    },
    "disparityToDepthMatrix": {
        "type_id": "opencv-matrix",
        "rows": 4,
        "cols": 4,
        "dt": "d",
        "data": [ 1.0, 0.0, 0.0, 1.0312928417968750e+05, 0.0, 1.0, 0.0,
            3.2001202697753906e+03, 0.0, 0.0, 0.0,
            5.7905502750128589e+03, 0.0, 0.0, 1.1045660752487830e-02,
            0.0 ]
    }
}
