{
    "shape": {
        "type_id": "opencv-matrix",
        "rows": 2,
        "cols": 1,
        "dt": "d",
        "data": [ 1080.0, 1920.0 ]
    },
    "matrix": {
        "type_id": "opencv-matrix",
        "rows": 3,
        "cols": 3,
        "dt": "d",
        "data": [ 8.9383593220223884e+03, 0.0, 9.9190990527169265e+02,
            0.0, 1.4257076282178637e+04, 5.4460181567934387e+02, 0.0,
            0.0, 1.0 ]
    },
    "distortion": {
        "type_id": "opencv-matrix",
        "rows": 1,
        "cols": 5,
        "dt": "d",
        "data": [ 1.7179096131423442e+01, -5.0964489635007581e+01,
            -1.6887218594618073e-01, -4.3774103666579572e-01,
            -3.2259589255327752e+04 ]
    },
    "error": 5.7323798796036862e-01
}
