{
    "shape": {
        "type_id": "opencv-matrix",
        "rows": 2,
        "cols": 1,
        "dt": "d",
        "data": [ 360.0, 615.0 ]
    },
    "matrix": {
        "type_id": "opencv-matrix",
        "rows": 3,
        "cols": 3,
        "dt": "d",
        "data": [ 1.0431762643308088e+04, 0.0, 8.7473497644660324e+02,
            0.0, 7.4029047731435330e+03, 7.0872817028043403e+02, 0.0,
            0.0, 1.0 ]
    },
    "distortion": {
        "type_id": "opencv-matrix",
        "rows": 1,
        "cols": 5,
        "dt": "d",
        "data": [ 1.1408237078927726e+01, -2.3304148323274094e+03,
            6.2349852511799086e-03, 4.8060398622602807e-02,
            1.4092973260828105e+05 ]
    },
    "newCameraMatrix": {
        "type_id": "opencv-matrix",
        "rows": 3,
        "cols": 3,
        "dt": "d",
        "data": [ 1.2288179687500000e+04, 0.0, 9.4635288861475419e+02,
            0.0, 8.6842011718750000e+03, 6.6307567003581789e+02, 0.0,
            0.0, 1.0 ]
    },
    "roi": {
        "type_id": "opencv-matrix",
        "rows": 4,
        "cols": 1,
        "dt": "d",
        "data": [ 0.0, 0.0, 1918.0, 1078.0 ]
    },
    "error": 6.0338856620517534e-01
}
