{
    "shape": {
        "type_id": "opencv-matrix",
        "rows": 2,
        "cols": 1,
        "dt": "d",
        "data": [ 360.0, 615.0 ]
    },
    "matrix": {
        "type_id": "opencv-matrix",
        "rows": 3,
        "cols": 3,
        "dt": "d",
        "data": [ 8.9237042372609158e+03, 0.0, 9.8807601310100733e+02,
            0.0, 1.4233608110607005e+04, 5.3948197264535838e+02, 0.0,
            0.0, 1.0 ]
    },
    "distortion": {
        "type_id": "opencv-matrix",
        "rows": 1,
        "cols": 5,
        "dt": "d",
        "data": [ 1.7101717785983261e+01, -5.4604086520553565e+01,
            -1.7419944542264859e-01, -4.4273176198530501e-01,
            -3.0733088021085176e+04 ]
    },
    "newCameraMatrix": {
        "type_id": "opencv-matrix",
        "rows": 3,
        "cols": 3,
        "dt": "d",
        "data": [ 1.0045906250000000e+04, 0.0, 8.8392193471873179e+02,
            0.0, 1.7116480468750000e+04, 5.1272898122596234e+02, 0.0,
            0.0, 1.0 ]
    },
    "roi": {
        "type_id": "opencv-matrix",
        "rows": 4,
        "cols": 1,
        "dt": "d",
        "data": [ 0.0, 0.0, 1919.0, 1079.0 ]
    },
    "error": 5.7342775195482454e-01
}
