{
    "shape": {
        "type_id": "opencv-matrix",
        "rows": 2,
        "cols": 1,
        "dt": "d",
        "data": [ 1080.0, 1920.0 ]
    },
    "matrix": {
        "type_id": "opencv-matrix",
        "rows": 3,
        "cols": 3,
        "dt": "d",
        "data": [ 1.5573294518687594e+03, 0.0, 9.8540726352697891e+02,
            0.0, 1.5631517100959800e+03, 5.2293617359691996e+02, 0.0,
            0.0, 1.0 ]
    },
    "distortion": {
        "type_id": "opencv-matrix",
        "rows": 1,
        "cols": 5,
        "dt": "d",
        "data": [ 2.1600092976696658e-01, -2.3994530522169155e-01,
            -9.0965619938331507e-03, 9.0900352282671602e-03,
            -1.3447322892596183e+00 ]
    },
    "error": 1.9579389581727072e-01
}
