{
    "shape": {
        "type_id": "opencv-matrix",
        "rows": 2,
        "cols": 1,
        "dt": "d",
        "data": [ 1080.0, 1920.0 ]
    },
    "matrix": {
        "type_id": "opencv-matrix",
        "rows": 3,
        "cols": 3,
        "dt": "d",
        "data": [ 2.7139297200589572e+03, 0.0, 1.0680763599180868e+03,
            0.0, 4.1781957768821849e+03, 7.3452911713126002e+02, 0.0,
            0.0, 1.0 ]
    },
    "distortion": {
        "type_id": "opencv-matrix",
        "rows": 1,
        "cols": 5,
        "dt": "d",
        "data": [ 2.5854567509934911e-01, 4.1002076436405922e+01,
            1.0174821811994215e-01, 1.2505135734628192e-02,
            -4.3093863407483440e+02 ]
    },
    "newCameraMatrix": {
        "type_id": "opencv-matrix",
        "rows": 3,
        "cols": 3,
        "dt": "d",
        "data": [ 2.7852268066406250e+03, 0.0, 1.0961355792425311e+03,
            0.0, 4.3930825195312500e+03, 7.7230630996618856e+02, 0.0,
            0.0, 1.0 ]
    },
    "roi": {
        "type_id": "opencv-matrix",
        "rows": 4,
        "cols": 1,
        "dt": "d",
        "data": [ 0.0, 0.0, 1919.0, 1079.0 ]
    },
    "error": 6.4379520028912141e-01
}
