{
    "cam_shape": {
        "type_id": "opencv-matrix",
        "rows": 2,
        "cols": 1,
        "dt": "d",
        "data": [ 1080.0, 1920.0 ]
    },
    "cam_matrix": {
        "type_id": "opencv-matrix",
        "rows": 3,
        "cols": 3,
        "dt": "d",
        "data": [ 1.5723811204903323e+03, 0.0, 1.0118917891762408e+03,
            0.0, 1.5896436283688768e+03, 5.1687265981113092e+02, 0.0,
            0.0, 1.0 ]
    },
    "cam_distortion": {
        "type_id": "opencv-matrix",
        "rows": 1,
        "cols": 5,
        "dt": "d",
        "data": [ 1.3564480249487856e-01, 2.5849500036885393e+00,
            -1.1342733565485619e-02, 1.7087418566613957e-02,
            -1.9610604151499931e+01 ]
    },
    "proj_shape": {
        "type_id": "opencv-matrix",
        "rows": 1,
        "cols": 1,
        "dt": "i",
        "data": [ 0 ]
    },
    "proj_matrix": {
        "type_id": "opencv-matrix",
        "rows": 1,
        "cols": 1,
        "dt": "i",
        "data": [ 0 ]
    },
    "proj_distortiont": {
        "type_id": "opencv-matrix",
        "rows": 1,
        "cols": 1,
        "dt": "i",
        "data": [ 0 ]
    }
}
